image: my_map.png
resolution: 0.05
origin: [-5.025000190734863, -4.875000095367431, 0.0000]
negate: 0
occupied_thresh: 0.65
free_thresh: 0.196
